63
229 227 212
226 219 201
231 217 188
214 203 185
193 199 176
255 154 202
253 128 186
236 72 143
249 101 159
199 48 99
171 175 174
150 159 154
89 95 93
57 66 65
32 32 32
193 218 116
143 187 74
79 150 54
47 112 48
38 75 44
186 182 173
105 95 86
50 44 44
15 85 145
23 65 107
39 199 111
20 143 78
18 106 58
22 168 106
20 90 62
231 224 170
251 203 191
162 228 216
164 228 240
186 193 235
75 213 215
33 183 182
26 133 125
40 173 190
21 99 109
252 209 96
251 197 107
236 171 69
220 149 85
176 62 51
69 160 217
16 112 188
159 122 202
113 81 164
57 48 115
249 170 173
253 140 132
238 85 88
253 123 97
229 68 73
238 137 193
219 82 150
137 40 91
246 163 189
248 133 166
221 71 106
253 124 144
217 63 91