63
255 255 255
228 226 214
204 204 196
158 157 153
96 93 88
224 120 199
155 66 146
99 45 107
96 77 156
47 47 109
207 209 208
185 191 189
151 160 155
60 66 66
20 20 20
65 210 135
26 168 86
19 100 59
31 167 147
22 83 76
239 229 170
247 209 208
178 229 222
253 210 237
215 209 237
80 212 224
37 159 164
76 199 233
38 160 207
19 95 127
243 221 120
254 217 110
252 205 101
171 212 84
129 165 78
113 181 226
38 79 159
92 148 205
32 87 167
27 48 95
244 124 134
229 77 92
211 54 63
219 64 108
154 41 71
88 126 201
38 79 159
30 44 83
44 32 34
36 30 32
243 120 166
220 74 113
230 79 112
206 43 74
132 35 54
133 125 198
96 89 167
35 41 89
240 120 191
198 71 148
131 42 106
191 50 119
102 34 71
