63
229 214 193
207 187 163
233 209 175
237 203 166
205 170 130
211 108 101
218 61 78
189 51 74
159 43 66
74 33 39
227 215 175
210 213 166
238 216 166
250 193 182
156 211 206
167 188 132
173 191 105
141 156 89
95 103 56
44 50 40
197 190 182
141 134 126
88 80 77
165 148 130
93 77 78
78 197 191
46 160 152
63 147 131
42 101 83
29 60 55
57 41 51
28 53 49
33 52 84
33 52 84
37 37 37
97 184 204
39 152 182
29 115 138
24 102 115
26 65 62
245 198 130
213 172 106
184 140 91
235 167 122
193 121 96
217 167 192
194 118 156
157 79 118
111 52 80
34 64 88
247 134 140
210 78 89
232 127 106
192 103 89
113 53 53
153 135 85
131 114 71
77 69 48
245 148 142
239 124 117
199 85 85
155 62 72
111 40 48