63
236 220 195
226 213 197
237 216 185
228 209 167
213 189 153
249 181 194
242 127 160
241 91 128
242 119 140
223 63 89
238 199 182
244 180 155
208 202 168
162 165 136
107 110 103
187 218 151
153 206 138
122 195 113
83 185 86
22 163 110
203 197 183
181 177 165
126 123 114
103 98 92
106 88 76
127 206 203
79 194 189
116 200 177
48 186 160
52 136 120
180 182 179
124 124 122
98 104 102
135 116 86
129 96 81
144 199 229
112 179 221
113 200 220
47 177 199
39 139 154
245 224 119
248 212 124
242 202 106
2523 209 144
246 195 106
135 176 222
106 136 198
57 97 169
39 107 154
50 81 135
242 188 152
249 158 113
246 150 128
242 107 101
231 89 87
176 167 210
152 131 190
97 78 134
241 160 169
246 158 157
244 130 130
241 101 112
231 79 100
